Poblacion_Aguascalientes_2020 <- 1040412
Poblacion_BC_2020 <- 2890717
Poblacion_BCS_2020 <- 601394
Poblacion_Sonora_2020 <- 2467704
Poblacion_Sinaloa_2020 <- 2280039
Poblacion_Nayarit_2020 <- 819398
Poblacion_Coahuila_2020 <- 2322491
Poblacion_Chihuahua_2020 <- 2799303
Poblacion_Durango_2020 <- 1165158
Poblacion_Zacatecas_2020 <- 1163334
Poblacion_SLP_2020 <- 1970051
Poblacion_NL_2020 <- 4394917
Poblacion_Tamps_2020 <- 2093987
Poblacion_Jalisco_2020 <- 6244162
Poblacion_Aguas_2020 <- 1040336
Poblacion_Mich_2020 <- 3450522
Poblacion_Gto_2020 <- 4531242
Poblacion_Colima_2020 <- 558228
Poblacion_Qro_2020 <- 1785004
Poblacion_Mor_2020 <- 1502969
Poblacion_EdoMex_2020 <- 12870351
Poblacion_CDMX_2020 <- 7557171
Poblacion_Hgo_2020 <- 2291423
Poblacion_Tlx_2020 <- 995061
Poblacion_Pbl_2020 <- 4802574
Poblacion_Ver_2020 <- 6101676
Poblacion_Tab_2020 <- 1748965
Poblacion_Gro_2020 <- 2505724
Poblacion_Oax_2020 <- 2985174
Poblacion_Chs_2020 <- 3773752
Poblacion_Yuc_2020 <- 1769653
Poblacion_Cmpch_2020 <- 685101
Poblacion_QRoo_2020 <- 1400585